00000000000000000000000000000000
00100001001010010000000000000101
00000000000000000000000000000000
00000000000000000000000000000000
00000000000000000000000000000000
00100001010010100000000000000011
00000000000000000000000000000000
00000000000000000000000000000000
00000000000000000000000000000000
00000000000000000000000000000000
00000000000000000000000000000000
00000001001010100101100000100000
00000000000000000000000000000000
00000000000000000000000000000000
00000000000000000000000000000000
00000000000000000000000000000000
00000000000000000000000000000000
00000000000000000000000000000000
